14.999999999999998 0.828169584274292
14.702970297029703 0.8277965188026428
14.417475728155338 0.8267793655395508
14.142857142857142 0.8252716660499573
13.878504672897195 0.8235692977905273
13.623853211009175 0.8215265870094299
13.378378378378379 0.8195455074310303
13.14159292035398 0.8183999061584473
12.91304347826087 0.8178040981292725
12.692307692307692 0.816731870174408
12.478991596638654 0.8151257038116455
12.272727272727272 0.8139029741287231
12.073170731707316 0.8135215044021606
11.88 0.813712477684021
11.692913385826772 0.8142780065536499
11.511627906976743 0.8151889443397522
11.335877862595419 0.81614089012146
11.165413533834586 0.816616415977478
11.0 0.8162273168563843
10.83941605839416 0.8148164749145508
10.683453237410072 0.8124539852142334
10.53191489361702 0.8093904256820679
10.384615384615385 0.8058784008026123
10.241379310344827 0.8020766973495483
10.10204081632653 0.7981164455413818
9.966442953020135 0.7941002249717712
9.834437086092715 0.7900293469429016
9.705882352941176 0.7858335971832275
9.580645161290322 0.7814600467681885
9.45859872611465 0.7769748568534851
9.339622641509434 0.7726577520370483
9.22360248447205 0.768888533115387
9.110429447852761 0.7658244967460632
9.0 0.7632869482040405
8.892215568862275 0.7609969973564148
8.78698224852071 0.7587739825248718
8.68421052631579 0.7565141916275024
8.583815028901734 0.7541561722755432
8.485714285714286 0.7516881227493286
8.389830508474576 0.7491137981414795
8.296089385474861 0.7464327216148376
8.204419889502763 0.7436747550964355
8.114754098360656 0.7409064769744873
8.027027027027028 0.7382161617279053
7.9411764705882355 0.7357339262962341
7.857142857142857 0.7336099147796631
7.774869109947645 0.7319167852401733
7.694300518134715 0.7305737733840942
7.615384615384615 0.7293638586997986
7.538071065989849 0.7280290722846985
7.462311557788946 0.7263972163200378
7.388059701492537 0.7244516611099243
7.315270935960592 0.7222937345504761
7.243902439024391 0.720070481300354
7.17391304347826 0.717934250831604
7.105263157894737 0.7160028219223022
7.037914691943129 0.7143199443817139
6.971830985915494 0.7128641605377197
6.906976744186046 0.7115783095359802
6.843317972350231 0.7103880643844604
6.780821917808219 0.7092224359512329
6.719457013574661 0.7080366611480713
6.659192825112108 0.7068069577217102
6.6000000000000005 0.7055184841156006
6.541850220264317 0.7041707038879395
6.4847161572052405 0.7027738094329834
6.42857142857143 0.7013341784477234
6.3733905579399135 0.6998599171638489
6.319148936170214 0.6983641386032104
6.265822784810128 0.6968562602996826
6.213389121338912 0.6953403949737549
6.161825726141079 0.6938260793685913
6.111111111111112 0.6923215985298157
6.061224489795919 0.6908279657363892
6.012145748987854 0.6893501281738281
5.963855421686747 0.6878945827484131
5.916334661354582 0.6864619255065918
5.869565217391305 0.6850532293319702
5.8235294117647065 0.683673620223999
5.778210116731517 0.6823238134384155
5.7335907335907335 0.6810027360916138
5.689655172413794 0.6797133684158325
5.646387832699621 0.6784576177597046
5.60377358490566 0.6772329211235046
5.561797752808989 0.676040530204773
5.520446096654276 0.6748829483985901
5.479704797047971 0.6737576723098755
5.43956043956044 0.6726638674736023
5.4 0.6716042757034302
5.3610108303249095 0.6705772876739502
5.322580645161291 0.6695806384086609
5.284697508896798 0.668615996837616
5.247349823321555 0.667683482170105
5.2105263157894735 0.6667797565460205
5.174216027874565 0.6659055948257446
5.138408304498271 0.6650620102882385
5.103092783505154 0.6642458438873291
5.068259385665529 0.6634563207626343
5.033898305084747 0.6626952886581421
5.0 0.661960244178772

14.999999999999998 0.7423931360244751
14.702970297029703 0.7417652606964111
14.417475728155338 0.7407450675964355
14.142857142857142 0.7394328117370605
13.878504672897195 0.738020658493042
13.623853211009175 0.7364240288734436
13.378378378378379 0.7348922491073608
13.14159292035398 0.733928382396698
12.91304347826087 0.7334034442901611
12.692307692307692 0.7327051162719727
12.478991596638654 0.731785774230957
12.272727272727272 0.7312255501747131
12.073170731707316 0.7313638925552368
11.88 0.7320822477340698
11.692913385826772 0.7332723140716553
11.511627906976743 0.7349084615707397
11.335877862595419 0.7367494702339172
11.165413533834586 0.7383373379707336
11.0 0.7392158508300781
10.83941605839416 0.7390526533126831
10.683453237410072 0.7377169132232666
10.53191489361702 0.7353224754333496
10.384615384615385 0.7321254014968872
10.241379310344827 0.7283941507339478
10.10204081632653 0.7243787050247192
9.966442953020135 0.7202796936035156
9.834437086092715 0.7161915898323059
9.705882352941176 0.7121197581291199
9.580645161290322 0.7080457806587219
9.45859872611465 0.7039991617202759
9.339622641509434 0.7001296281814575
9.22360248447205 0.6966601610183716
9.110429447852761 0.6937005519866943
9.0 0.6911566257476807
8.892215568862275 0.6888578534126282
8.78698224852071 0.6866844892501831
8.68421052631579 0.6845637559890747
8.583815028901734 0.6824464797973633
8.485714285714286 0.6803154945373535
8.389830508474576 0.6781648397445679
8.296089385474861 0.6759862899780273
8.204419889502763 0.6737869381904602
8.114754098360656 0.6715989112854004
8.027027027027028 0.6694676280021667
7.9411764705882355 0.6674647331237793
7.857142857142857 0.6656834483146667
7.774869109947645 0.6641805171966553
7.694300518134715 0.6629248857498169
7.615384615384615 0.6618005037307739
7.538071065989849 0.6606547832489014
7.462311557788946 0.6593729257583618
7.388059701492537 0.6579272747039795
7.315270935960592 0.6563626527786255
7.243902439024391 0.6547552347183228
7.17391304347826 0.6531922221183777
7.105263157894737 0.6517480611801147
7.037914691943129 0.6504572033882141
6.971830985915494 0.6493152379989624
6.906976744186046 0.6482954025268555
6.843317972350231 0.6473575830459595
6.780821917808219 0.6464600563049316
6.719457013574661 0.6455739736557007
6.659192825112108 0.6446834206581116
6.6000000000000005 0.6437762975692749
6.541850220264317 0.6428490877151489
6.4847161572052405 0.6419065594673157
6.42857142857143 0.6409502625465393
6.3733905579399135 0.6399829387664795
6.319148936170214 0.6390119791030884
6.265822784810128 0.638041615486145
6.213389121338912 0.6370735168457031
6.161825726141079 0.6361129283905029
6.111111111111112 0.6351637840270996
6.061224489795919 0.6342268586158752
6.012145748987854 0.6333046555519104
5.963855421686747 0.6324006915092468
5.916334661354582 0.631515622138977
5.869565217391305 0.6306488513946533
5.8235294117647065 0.6298041939735413
5.778210116731517 0.6289818286895752
5.7335907335907335 0.628180742263794
5.689655172413794 0.627402663230896
5.646387832699621 0.6266491413116455
5.60377358490566 0.6259181499481201
5.561797752808989 0.625210165977478
5.520446096654276 0.6245272159576416
5.479704797047971 0.6238676905632019
5.43956043956044 0.6232303977012634
5.4 0.6226176023483276
5.3610108303249095 0.6220282912254333
5.322580645161291 0.6214607357978821
5.284697508896798 0.6209163665771484
5.247349823321555 0.6203949451446533
5.2105263157894735 0.6198943257331848
5.174216027874565 0.6194148063659668
5.138408304498271 0.6189578771591187
5.103092783505154 0.6185206770896912
5.068259385665529 0.6181028485298157
5.033898305084747 0.6177059412002563
5.0 0.6173281669616699

14.999999999999998 0.6602476835250854
14.702970297029703 0.6596155762672424
14.417475728155338 0.6587480902671814
14.142857142857142 0.6577051877975464
13.878504672897195 0.6566088199615479
13.623853211009175 0.6554129123687744
13.378378378378379 0.6542699337005615
13.14159292035398 0.6534957885742188
12.91304347826087 0.6530371904373169
12.692307692307692 0.6525406241416931
12.478991596638654 0.6519807577133179
12.272727272727272 0.6517199277877808
12.073170731707316 0.6519911289215088
11.88 0.6527493596076965
11.692913385826772 0.6539413332939148
11.511627906976743 0.6555460095405579
11.335877862595419 0.6573855876922607
11.165413533834586 0.6591051816940308
11.0 0.6603081226348877
10.83941605839416 0.660654604434967
10.683453237410072 0.6599599719047546
10.53191489361702 0.6582597494125366
10.384615384615385 0.6557507514953613
10.241379310344827 0.6526833772659302
10.10204081632653 0.649307131767273
9.966442953020135 0.6458262801170349
9.834437086092715 0.642356276512146
9.705882352941176 0.6389341354370117
9.580645161290322 0.635563850402832
9.45859872611465 0.6322627663612366
9.339622641509434 0.6291123628616333
9.22360248447205 0.6262441873550415
9.110429447852761 0.6237285137176514
9.0 0.6215147376060486
8.892215568862275 0.6195003390312195
8.78698224852071 0.6176086664199829
8.68421052631579 0.615790605545044
8.583815028901734 0.6140109300613403
8.485714285714286 0.6122548580169678
8.389830508474576 0.6105142831802368
8.296089385474861 0.6087805032730103
8.204419889502763 0.6070540547370911
8.114754098360656 0.605350136756897
8.027027027027028 0.6036919355392456
7.9411764705882355 0.6021213531494141
7.857142857142857 0.6006933450698853
7.774869109947645 0.5994465351104736
7.694300518134715 0.5983678102493286
7.615384615384615 0.597391664981842
7.538071065989849 0.5964275598526001
7.462311557788946 0.595403254032135
7.388059701492537 0.5942957401275635
7.315270935960592 0.5931270122528076
7.243902439024391 0.591938853263855
7.17391304347826 0.5907819271087646
7.105263157894737 0.5897009968757629
7.037914691943129 0.5887194871902466
6.971830985915494 0.5878372192382812
6.906976744186046 0.5870404243469238
6.843317972350231 0.5863054990768433
6.780821917808219 0.5856082439422607
6.719457013574661 0.584930419921875
6.659192825112108 0.5842618346214294
6.6000000000000005 0.5835945010185242
6.541850220264317 0.5829252004623413
6.4847161572052405 0.5822559595108032
6.42857142857143 0.5815873146057129
6.3733905579399135 0.5809202790260315
6.319148936170214 0.5802587270736694
6.265822784810128 0.5796054601669312
6.213389121338912 0.5789601802825928
6.161825726141079 0.5783261656761169
6.111111111111112 0.5777059197425842
6.061224489795919 0.5770995020866394
6.012145748987854 0.5765078067779541
5.963855421686747 0.5759334564208984
5.916334661354582 0.5753760933876038
5.869565217391305 0.5748356580734253
5.8235294117647065 0.574314296245575
5.778210116731517 0.5738115310668945
5.7335907335907335 0.5733271241188049
5.689655172413794 0.572861909866333
5.646387832699621 0.5724166631698608
5.60377358490566 0.5719896554946899
5.561797752808989 0.5715816617012024
5.520446096654276 0.5711935758590698
5.479704797047971 0.570824384689331
5.43956043956044 0.5704730749130249
5.4 0.570141613483429
5.3610108303249095 0.5698279738426208
5.322580645161291 0.5695321559906006
5.284697508896798 0.5692542195320129
5.247349823321555 0.5689945220947266
5.2105263157894735 0.5687510967254639
5.174216027874565 0.5685246586799622
5.138408304498271 0.5683156251907349
5.103092783505154 0.5681220293045044
5.068259385665529 0.5679435729980469
5.033898305084747 0.5677815675735474
5.0 0.5676342248916626

14.999999999999998 0.5979068279266357
14.702970297029703 0.5971910953521729
14.417475728155338 0.5963618159294128
14.142857142857142 0.5954574346542358
13.878504672897195 0.5945452451705933
13.623853211009175 0.593614935874939
13.378378378378379 0.5927528142929077
13.14159292035398 0.5921226739883423
12.91304347826087 0.5917229056358337
12.692307692307692 0.5914151668548584
12.478991596638654 0.5912154912948608
12.272727272727272 0.5913248062133789
12.073170731707316 0.5918917655944824
11.88 0.5929303765296936
11.692913385826772 0.5944364666938782
11.511627906976743 0.5963866710662842
11.335877862595419 0.5986286997795105
11.165413533834586 0.6008477210998535
11.0 0.6026296615600586
10.83941605839416 0.6035622358322144
10.683453237410072 0.603368878364563
10.53191489361702 0.6020126342773438
10.384615384615385 0.5996764898300171
10.241379310344827 0.5966557264328003
10.10204081632653 0.5932578444480896
9.966442953020135 0.5897351503372192
9.834437086092715 0.5862488746643066
9.705882352941176 0.5828769207000732
9.580645161290322 0.5796481370925903
9.45859872611465 0.5765786170959473
9.339622641509434 0.5737009644508362
9.22360248447205 0.5710678100585938
9.110429447852761 0.5687033534049988
9.0 0.5665751099586487
8.892215568862275 0.5646250247955322
8.78698224852071 0.5628087520599365
8.68421052631579 0.5610952377319336
8.583815028901734 0.5594611763954163
8.485714285714286 0.5578930377960205
8.389830508474576 0.5563822388648987
8.296089385474861 0.554919421672821
8.204419889502763 0.5535005331039429
8.114754098360656 0.5521289110183716
8.027027027027028 0.5508127808570862
7.9411764705882355 0.549566924571991
7.857142857142857 0.5484164953231812
7.774869109947645 0.5473775863647461
7.694300518134715 0.5464444160461426
7.615384615384615 0.5455875396728516
7.538071065989849 0.544764518737793
7.462311557788946 0.5439400672912598
7.388059701492537 0.5431007146835327
7.315270935960592 0.5422554016113281
7.243902439024391 0.5414206385612488
7.17391304347826 0.5406177043914795
7.105263157894737 0.5398674011230469
7.037914691943129 0.5391814112663269
6.971830985915494 0.5385582447052002
6.906976744186046 0.5379930138587952
6.843317972350231 0.5374752879142761
6.780821917808219 0.5369925498962402
6.719457013574661 0.5365363359451294
6.659192825112108 0.5361021161079407
6.6000000000000005 0.5356844067573547
6.541850220264317 0.535281777381897
6.4847161572052405 0.5348947048187256
6.42857142857143 0.5345226526260376
6.3733905579399135 0.5341649055480957
6.319148936170214 0.5338242053985596
6.265822784810128 0.5335004925727844
6.213389121338912 0.5331929922103882
6.161825726141079 0.5329035520553589
6.111111111111112 0.5326333045959473
6.061224489795919 0.5323805212974548
6.012145748987854 0.5321463346481323
5.963855421686747 0.5319316387176514
5.916334661354582 0.531735897064209
5.869565217391305 0.5315578579902649
5.8235294117647065 0.531399667263031
5.778210116731517 0.5312603712081909
5.7335907335907335 0.5311392545700073
5.689655172413794 0.5310362577438354
5.646387832699621 0.5309522747993469
5.60377358490566 0.5308856964111328
5.561797752808989 0.5308367013931274
5.520446096654276 0.5308058261871338
5.479704797047971 0.5307917594909668
5.43956043956044 0.530794620513916
5.4 0.5308145880699158
5.3610108303249095 0.5308506488800049
5.322580645161291 0.5309019088745117
5.284697508896798 0.5309699773788452
5.247349823321555 0.5310529470443726
5.2105263157894735 0.5311499238014221
5.174216027874565 0.5312623381614685
5.138408304498271 0.531389057636261
5.103092783505154 0.5315290093421936
5.068259385665529 0.5316829085350037
5.033898305084747 0.5318498611450195
5.0 0.5320301651954651

14.999999999999998 0.5534896850585938
14.702970297029703 0.5528601408004761
14.417475728155338 0.5521397590637207
14.142857142857142 0.5513604879379272
13.878504672897195 0.5505779385566711
13.623853211009175 0.5497890710830688
13.378378378378379 0.5490642786026001
13.14159292035398 0.5485358238220215
12.91304347826087 0.5482110977172852
12.692307692307692 0.5479938983917236
12.478991596638654 0.5479069948196411
12.272727272727272 0.5481178164482117
12.073170731707316 0.5487527847290039
11.88 0.5498373508453369
11.692913385826772 0.5513769388198853
11.511627906976743 0.5533512234687805
11.335877862595419 0.5556204319000244
11.165413533834586 0.5578927993774414
11.0 0.5597713589668274
10.83941605839416 0.5608496069908142
10.683453237410072 0.5608424544334412
10.53191489361702 0.5596957206726074
10.384615384615385 0.5575771331787109
10.241379310344827 0.5547740459442139
10.10204081632653 0.5515905618667603
9.966442953020135 0.5482770204544067
9.834437086092715 0.5449958443641663
9.705882352941176 0.5418301820755005
9.580645161290322 0.5388143062591553
9.45859872611465 0.5359634757041931
9.339622641509434 0.5333022475242615
9.22360248447205 0.5308679938316345
9.110429447852761 0.5286766886711121
9.0 0.5266991853713989
8.892215568862275 0.5248895883560181
8.78698224852071 0.5232099294662476
8.68421052631579 0.5216336846351624
8.583815028901734 0.520141065120697
8.485714285714286 0.5187188982963562
8.389830508474576 0.5173593759536743
8.296089385474861 0.5160533785820007
8.204419889502763 0.5147969722747803
8.114754098360656 0.5135914087295532
8.027027027027028 0.5124410390853882
7.9411764705882355 0.5113574266433716
7.857142857142857 0.510357677936554
7.774869109947645 0.509454071521759
7.694300518134715 0.5086424946784973
7.615384615384615 0.5078995227813721
7.538071065989849 0.5071922540664673
7.462311557788946 0.5064945816993713
7.388059701492537 0.5057946443557739
7.315270935960592 0.5050989389419556
7.243902439024391 0.5044203996658325
7.17391304347826 0.5037741661071777
7.105263157894737 0.5031757354736328
7.037914691943129 0.502633810043335
6.971830985915494 0.5021479725837708
6.906976744186046 0.501713216304779
6.843317972350231 0.5013213157653809
6.780821917808219 0.5009638071060181
6.719457013574661 0.5006338357925415
6.659192825112108 0.5003268718719482
6.6000000000000005 0.5000394582748413
6.541850220264317 0.4997701644897461
6.4847161572052405 0.49951887130737305
6.42857142857143 0.4992849826812744
6.3733905579399135 0.4990693926811218
6.319148936170214 0.4988718628883362
6.265822784810128 0.49869269132614136
6.213389121338912 0.49853211641311646
6.161825726141079 0.4983908534049988
6.111111111111112 0.49826961755752563
6.061224489795919 0.49816709756851196
6.012145748987854 0.4980837106704712
5.963855421686747 0.4980204701423645
5.916334661354582 0.4979764223098755
5.869565217391305 0.49795132875442505
5.8235294117647065 0.4979458451271057
5.778210116731517 0.4979591369628906
5.7335907335907335 0.49799102544784546
5.689655172413794 0.49804145097732544
5.646387832699621 0.49811017513275146
5.60377358490566 0.49819666147232056
5.561797752808989 0.4983012080192566
5.520446096654276 0.49842333793640137
5.479704797047971 0.4985620975494385
5.43956043956044 0.49871766567230225
5.4 0.4988900423049927
5.3610108303249095 0.49907857179641724
5.322580645161291 0.49928271770477295
5.284697508896798 0.4995020031929016
5.247349823321555 0.499737024307251
5.2105263157894735 0.49998652935028076
5.174216027874565 0.5002499222755432
5.138408304498271 0.5005280375480652
5.103092783505154 0.5008195638656616
5.068259385665529 0.5011243224143982
5.033898305084747 0.5014421343803406
5.0 0.501772403717041

14.999999999999998 0.505075216293335
14.702970297029703 0.5044848918914795
14.417475728155338 0.5038402080535889
14.142857142857142 0.5031653046607971
13.878504672897195 0.5024985671043396
13.623853211009175 0.5018497109413147
13.378378378378379 0.5012678503990173
13.14159292035398 0.5008401274681091
12.91304347826087 0.500586748123169
12.692307692307692 0.5004754066467285
12.478991596638654 0.5005428791046143
12.272727272727272 0.5009087920188904
12.073170731707316 0.5016708970069885
11.88 0.5028724670410156
11.692913385826772 0.5045312643051147
11.511627906976743 0.5066297054290771
11.335877862595419 0.5090358257293701
11.165413533834586 0.5114741325378418
11.0 0.5135492086410522
10.83941605839416 0.5148376226425171
10.683453237410072 0.5150286555290222
10.53191489361702 0.514045238494873
10.384615384615385 0.5120494365692139
10.241379310344827 0.5093376636505127
10.10204081632653 0.5062316656112671
9.966442953020135 0.502994179725647
9.834437086092715 0.49979883432388306
9.705882352941176 0.49673986434936523
9.580645161290322 0.49385952949523926
9.45859872611465 0.491172194480896
9.339622641509434 0.4886895418167114
9.22360248447205 0.4864237308502197
9.110429447852761 0.48437613248825073
9.0 0.4825217127799988
8.892215568862275 0.480826735496521
8.78698224852071 0.4792638421058655
8.68421052631579 0.4778118133544922
8.583815028901734 0.4764544367790222
8.485714285714286 0.47517985105514526
8.389830508474576 0.4739798307418823
8.296089385474861 0.4728459119796753
8.204419889502763 0.4717731475830078
8.114754098360656 0.47075963020324707
8.027027027027028 0.4698055386543274
7.9411764705882355 0.4689145088195801
7.857142857142857 0.4680953621864319
7.774869109947645 0.4673529863357544
7.694300518134715 0.46668297052383423
7.615384615384615 0.46607261896133423
7.538071065989849 0.4655023217201233
7.462311557788946 0.464957594871521
7.388059701492537 0.4644315838813782
7.315270935960592 0.463925838470459
7.243902439024391 0.4634473919868469
7.17391304347826 0.4630054831504822
7.105263157894737 0.46260517835617065
7.037914691943129 0.4622514843940735
6.971830985915494 0.46194422245025635
6.906976744186046 0.4616807699203491
6.843317972350231 0.4614551067352295
6.780821917808219 0.4612630009651184
6.719457013574661 0.4610992670059204
6.659192825112108 0.4609626531600952
6.6000000000000005 0.4608497619628906
6.541850220264317 0.46076059341430664
6.4847161572052405 0.4606935977935791
6.42857142857143 0.46064895391464233
6.3733905579399135 0.46062684059143066
6.319148936170214 0.4606265425682068
6.265822784810128 0.4606478810310364
6.213389121338912 0.46069055795669556
6.161825726141079 0.46075528860092163
6.111111111111112 0.4608420729637146
6.061224489795919 0.4609493613243103
6.012145748987854 0.46107780933380127
5.963855421686747 0.46122705936431885
5.916334661354582 0.46139711141586304
5.869565217391305 0.4615876078605652
5.8235294117647065 0.46179765462875366
5.778210116731517 0.46202754974365234
5.7335907335907335 0.4622763991355896
5.689655172413794 0.4625447988510132
5.646387832699621 0.4628312587738037
5.60377358490566 0.46313565969467163
5.561797752808989 0.46345871686935425
5.520446096654276 0.4637988805770874
5.479704797047971 0.46415621042251587
5.43956043956044 0.4645301103591919
5.4 0.4649207592010498
5.3610108303249095 0.46532756090164185
5.322580645161291 0.4657498002052307
5.284697508896798 0.4661875367164612
5.247349823321555 0.46664005517959595
5.2105263157894735 0.4671075940132141
5.174216027874565 0.46758919954299927
5.138408304498271 0.46808409690856934
5.103092783505154 0.4685935974121094
5.068259385665529 0.4691154956817627
5.033898305084747 0.4696497321128845
5.0 0.4701969623565674

14.999999999999998 0.48451167345046997
14.702970297029703 0.48381203413009644
14.417475728155338 0.48307299613952637
14.142857142857142 0.48232072591781616
13.878504672897195 0.48158830404281616
13.623853211009175 0.48088937997817993
13.378378378378379 0.48027002811431885
13.14159292035398 0.47980451583862305
12.91304347826087 0.47952038049697876
12.692307692307692 0.4794052243232727
12.478991596638654 0.47950392961502075
12.272727272727272 0.47992783784866333
12.073170731707316 0.4807738661766052
11.88 0.4820953607559204
11.692913385826772 0.4839226007461548
11.511627906976743 0.4862402081489563
11.335877862595419 0.48891782760620117
11.165413533834586 0.49166715145111084
11.0 0.4940623641014099
10.83941605839416 0.4956303834915161
10.683453237410072 0.4960126280784607
10.53191489361702 0.4951040744781494
10.384615384615385 0.49307072162628174
10.241379310344827 0.4902401566505432
10.10204081632653 0.48696815967559814
9.966442953020135 0.48354893922805786
9.834437086092715 0.4801775813102722
9.705882352941176 0.4769628047943115
9.580645161290322 0.47395169734954834
9.45859872611465 0.4711623787879944
9.339622641509434 0.4685998558998108
9.22360248447205 0.46627068519592285
9.110429447852761 0.4641684293746948
9.0 0.4622681140899658
8.892215568862275 0.46053677797317505
8.78698224852071 0.4589487910270691
8.68421052631579 0.45748311281204224
8.583815028901734 0.4561232924461365
8.485714285714286 0.4548579454421997
8.389830508474576 0.4536762237548828
8.296089385474861 0.4525710940361023
8.204419889502763 0.4515354037284851
8.114754098360656 0.45056599378585815
8.027027027027028 0.44966208934783936
7.9411764705882355 0.44882529973983765
7.857142857142857 0.4480602741241455
7.774869109947645 0.44736945629119873
7.694300518134715 0.446749746799469
7.615384615384615 0.4461889863014221
7.538071065989849 0.44567251205444336
7.462311557788946 0.44518768787384033
7.388059701492537 0.44473010301589966
7.315270935960592 0.4442998170852661
7.243902439024391 0.4439024329185486
7.17391304347826 0.44354248046875
7.105263157894737 0.443225622177124
7.037914691943129 0.4429550766944885
6.971830985915494 0.4427289366722107
6.906976744186046 0.44254547357559204
6.843317972350231 0.44240015745162964
6.780821917808219 0.4422885775566101
6.719457013574661 0.442207932472229
6.659192825112108 0.4421553611755371
6.6000000000000005 0.44212979078292847
6.541850220264317 0.4421292543411255
6.4847161572052405 0.44215357303619385
6.42857142857143 0.44220227003097534
6.3733905579399135 0.4422747492790222
6.319148936170214 0.4423713684082031
6.265822784810128 0.44249117374420166
6.213389121338912 0.4426334500312805
6.161825726141079 0.44279903173446655
6.111111111111112 0.4429877996444702
6.061224489795919 0.44319796562194824
6.012145748987854 0.4434300661087036
5.963855421686747 0.44368404150009155
5.916334661354582 0.44395875930786133
5.869565217391305 0.44425421953201294
5.8235294117647065 0.4445701241493225
5.778210116731517 0.44490599632263184
5.7335907335907335 0.44526129961013794
5.689655172413794 0.44563615322113037
5.646387832699621 0.4460292458534241
5.60377358490566 0.44644027948379517
5.561797752808989 0.44686925411224365
5.520446096654276 0.44731682538986206
5.479704797047971 0.4477805495262146
5.43956043956044 0.44826096296310425
5.4 0.44875800609588623
5.3610108303249095 0.44927048683166504
5.322580645161291 0.4497978687286377
5.284697508896798 0.45034122467041016
5.247349823321555 0.45089882612228394
5.2105263157894735 0.4514702558517456
5.174216027874565 0.4520554542541504
5.138408304498271 0.45265430212020874
5.103092783505154 0.4532661437988281
5.068259385665529 0.45389044284820557
5.033898305084747 0.45452678203582764
5.0 0.45517563819885254

14.999999999999998 0.44881486892700195
14.702970297029703 0.448000967502594
14.417475728155338 0.44714200496673584
14.142857142857142 0.44626861810684204
13.878504672897195 0.445423424243927
13.623853211009175 0.44461965560913086
13.378378378378379 0.44391363859176636
13.14159292035398 0.4433984160423279
12.91304347826087 0.44309788942337036
12.692307692307692 0.44298672676086426
12.478991596638654 0.4431142807006836
12.272727272727272 0.44361770153045654
12.073170731707316 0.44461315870285034
11.88 0.4461577534675598
11.692913385826772 0.4482883810997009
11.511627906976743 0.4509935975074768
11.335877862595419 0.45412588119506836
11.165413533834586 0.4573507308959961
11.0 0.460165798664093
10.83941605839416 0.46200329065322876
10.683453237410072 0.4624255895614624
10.53191489361702 0.4613046646118164
10.384615384615385 0.4588439464569092
10.241379310344827 0.4554462432861328
10.10204081632653 0.45154666900634766
9.966442953020135 0.44749915599823
9.834437086092715 0.443533718585968
9.705882352941176 0.4397720694541931
9.580645161290322 0.43626469373703003
9.45859872611465 0.43302589654922485
9.339622641509434 0.43006253242492676
9.22360248447205 0.4273800253868103
9.110429447852761 0.4249683618545532
9.0 0.42279326915740967
8.892215568862275 0.4208124279975891
8.78698224852071 0.41899293661117554
8.68421052631579 0.41730839014053345
8.583815028901734 0.41573864221572876
8.485714285714286 0.41426926851272583
8.389830508474576 0.41288846731185913
8.296089385474861 0.411587119102478
8.204419889502763 0.41035741567611694
8.114754098360656 0.40919631719589233
8.027027027027028 0.40810275077819824
7.9411764705882355 0.4070793390274048
7.857142857142857 0.4061332941055298
7.774869109947645 0.4052680730819702
7.694300518134715 0.4044773578643799
7.615384615384615 0.4037467837333679
7.538071065989849 0.40305715799331665
7.462311557788946 0.40239256620407104
7.388059701492537 0.4017466902732849
7.315270935960592 0.40112221240997314
7.243902439024391 0.40052419900894165
7.17391304347826 0.3999612331390381
7.105263157894737 0.3994401693344116
7.037914691943129 0.398963987827301
6.971830985915494 0.3985316753387451
6.906976744186046 0.3981397747993469
6.843317972350231 0.3977830410003662
6.780821917808219 0.3974560499191284
6.719457013574661 0.3971547484397888
6.659192825112108 0.39687663316726685
6.6000000000000005 0.39661890268325806
6.541850220264317 0.39638030529022217
6.4847161572052405 0.39616066217422485
6.42857142857143 0.3959593176841736
6.3733905579399135 0.39577579498291016
6.319148936170214 0.39560985565185547
6.265822784810128 0.3954618573188782
6.213389121338912 0.39533066749572754
6.161825726141079 0.395216703414917
6.111111111111112 0.39511919021606445
6.061224489795919 0.39503854513168335
6.012145748987854 0.39497363567352295
5.963855421686747 0.3949248790740967
5.916334661354582 0.3948919177055359
5.869565217391305 0.3948734402656555
5.8235294117647065 0.39487022161483765
5.778210116731517 0.39488160610198975
5.7335907335907335 0.3949066996574402
5.689655172413794 0.3949456810951233
5.646387832699621 0.3949979543685913
5.60377358490566 0.39506322145462036
5.561797752808989 0.39514076709747314
5.520446096654276 0.39523088932037354
5.479704797047971 0.3953326940536499
5.43956043956044 0.3954457640647888
5.4 0.39556998014450073
5.3610108303249095 0.3957056403160095
5.322580645161291 0.3958508372306824
5.284697508896798 0.39600670337677
5.247349823321555 0.3961722254753113
5.2105263157894735 0.3963469862937927
5.174216027874565 0.39653074741363525
5.138408304498271 0.3967233896255493
5.103092783505154 0.39692413806915283
5.068259385665529 0.3971331715583801
5.033898305084747 0.3973502516746521
5.0 0.3975745439529419

14.999999999999998 0.4194464683532715
14.702970297029703 0.4186728000640869
14.417475728155338 0.41787827014923096
14.142857142857142 0.4170885682106018
13.878504672897195 0.4163345694541931
13.623853211009175 0.41563427448272705
13.378378378378379 0.41503220796585083
13.14159292035398 0.41459035873413086
12.91304347826087 0.4143419861793518
12.692307692307692 0.4142996072769165
12.478991596638654 0.4145202040672302
12.272727272727272 0.4151076674461365
12.073170731707316 0.4161590337753296
11.88 0.41774070262908936
11.692913385826772 0.4198979139328003
11.511627906976743 0.4226198196411133
11.335877862595419 0.4257700443267822
11.165413533834586 0.4290330410003662
11.0 0.4319169521331787
10.83941605839416 0.43385565280914307
10.683453237410072 0.43440449237823486
10.53191489361702 0.43341946601867676
10.384615384615385 0.43109482526779175
10.241379310344827 0.4278327226638794
10.10204081632653 0.42407143115997314
9.966442953020135 0.42016446590423584
9.834437086092715 0.4163457155227661
9.705882352941176 0.41274070739746094
9.580645161290322 0.40940213203430176
9.45859872611465 0.40634363889694214
9.339622641509434 0.40356218814849854
9.22360248447205 0.40104860067367554
9.110429447852761 0.3987836241722107
9.0 0.39673805236816406
8.892215568862275 0.3948782682418823
8.78698224852071 0.3931765556335449
8.68421052631579 0.39161187410354614
8.583815028901734 0.3901655673980713
8.485714285714286 0.38882380723953247
8.389830508474576 0.3875758647918701
8.296089385474861 0.3864118456840515
8.204419889502763 0.38532358407974243
8.114754098360656 0.3843063712120056
8.027027027027028 0.38335680961608887
7.9411764705882355 0.38247352838516235
7.857142857142857 0.38165736198425293
7.774869109947645 0.38090789318084717
7.694300518134715 0.38022083044052124
7.615384615384615 0.37958651781082153
7.538071065989849 0.3789944052696228
7.462311557788946 0.3784356117248535
7.388059701492537 0.37790608406066895
7.315270935960592 0.37740540504455566
7.243902439024391 0.3769369125366211
7.17391304347826 0.37650251388549805
7.105263157894737 0.37610554695129395
7.037914691943129 0.3757462501525879
6.971830985915494 0.3754235506057739
6.906976744186046 0.3751347064971924
6.843317972350231 0.37487727403640747
6.780821917808219 0.3746476173400879
6.719457013574661 0.37444305419921875
6.659192825112108 0.37426233291625977
6.6000000000000005 0.37410348653793335
6.541850220264317 0.37396514415740967
6.4847161572052405 0.3738468289375305
6.42857142857143 0.37374866008758545
6.3733905579399135 0.3736693263053894
6.319148936170214 0.3736075758934021
6.265822784810128 0.37356430292129517
6.213389121338912 0.37354111671447754
6.161825726141079 0.37353336811065674
6.111111111111112 0.37353843450546265
6.061224489795919 0.37356048822402954
6.012145748987854 0.37360161542892456
5.963855421686747 0.3736580014228821
5.916334661354582 0.3737281560897827
5.869565217391305 0.3738126754760742
5.8235294117647065 0.37391191720962524
5.778210116731517 0.37402474880218506
5.7335907335907335 0.3741494417190552
5.689655172413794 0.3742867708206177
5.646387832699621 0.37443745136260986
5.60377358490566 0.37460029125213623
5.561797752808989 0.3747744560241699
5.520446096654276 0.37495923042297363
5.479704797047971 0.37515509128570557
5.43956043956044 0.3753608465194702
5.4 0.37557655572891235
5.3610108303249095 0.3758017420768738
5.322580645161291 0.37603628635406494
5.284697508896798 0.37627971172332764
5.247349823321555 0.37653130292892456
5.2105263157894735 0.3767912983894348
5.174216027874565 0.37705934047698975
5.138408304498271 0.3773345947265625
5.103092783505154 0.37761735916137695
5.068259385665529 0.3779070973396301
5.033898305084747 0.37820255756378174
5.0 0.37850451469421387

